10	0.3748
0.1783	580	505	530	588	578	591	579	555	514	502	547	548	506	519	524	550	531
0.8202	87	91	82	76	54	62	1	28	29	66	277	227	272	258	285	251	256	239	294	284	210	202	243	266	221	264	416	552
0.2013	150	173	120	110	191	187	128	189	164	134	197	119	151	163	180	179	171	140	102	113	104	126	116	176	196	157	174	162	114	133
0.3977	509	569	595	573	583	523	510	517	541	544	533	526	554	574	558	571	534	537	511	584	540	587	593	594	585	515	560	522	543	516	568	572	546	559	599	556	535	582	538	561	504	549	525
0.8890	105	188	169	125	132	183	144	185	155	158	455
0.2764	85	115	273	278	213	224	286	237	292	206	282	216	207	200	270	230	263	220	228	293	217	214	208	281	225	297	291	205	222	249	215	241	265	295	204	232	274	254	233	287	219	253	212	246	235	283
0.0900	160	112	145	108	139	181	131	199	123	182	124	166	193	175	129	154	186	168	138	184	137	101	143	152	148	149	161	147	109	136	106	194	177	130
0.0753	521	518	566	507	501	590	567	596	589	539	508	527	529
0.2286	80	79	25	15	39	40	53	17	57	50	18	69	16	47	3	38	52	8	34	44	72	59	98	14	21	12	58	95	86	90	42	32	23	37	9	45	75	55	81	92	99	36	56	13	46	27	24	65	7	88	61	97	77	73	63	0	51	10	74	67	60	84	30	89	280	211	229	268	209	298	261	234	248	244	231	218	279	276	203	542
0.0045	442	491	465	473	434	485	412	498	492	420	448	495	452	438	463	407	479	422	464	466	468	429	402	411	489	417	437	447	431	470	481	486	482	430	449	428	462	439	421	406	476	446	409	467	458	460	403	435	440	401	419	497	487	475	493	423	484	405	499	418	496	444	477	443	408	461	459	469	427	472	450	424	413
