10	0.4823
0.4341	80	79	25	15	39	40	53	17	57	50	18	69	87	16	47	3	38	52	8	34	44	72	59	91	98	14	21	12	58	82	95	86	76	54	90	42	32	23	37	62	9	1	45	75	55	81	92	99	36	56	13	46	27	24	28	65	7	88	61	97	77	73	63	29	0	51	10	74	67	66	60	84	85	30	89	115	273	278	277	213	224	280	286	211	237	227	272	229	292	268	258	285	206	209	298	261	282	216	251	207	200	270	256	239	234	230	263	294	220	248	284	244	228	293	217	214	208	281	210	225	297	291	205	202	222	231	218	249	215	241	265	295	204	232	243	279	276	274	254	266	233	287	219	221	253	212	246	264	203	235	283	542	535	552
0.0300	465	473	498	452	479	466	437	486	462	476	467	497	496	472	566	507	508	527
0.7231	150	173	120	169	110	125	191	187	128	189	164	132	183	134	197	119	151	144	163	180	179	171	140	102	185	113	104	126	155	116	158	176	196	157	174	162	114	133	455	416
0.1182	160	112	145	105	108	139	188	181	131	199	123	182	124	166	193	175	129	154	186	168	138	184	137	101	143	152	148	149	161	147	109	136	106	194	177	130
0.0014	442	491	434	485	412	492	420	448	495	463	407	422	429	402	411	417	431	470	449	428	421	406	446	409	458	460	403	435	440	401	419	487	484	405	499	418	444	477	408	461	469	427	424	413
0.1967	505	530	588	578	591	579	555	574	514	502	547	548	506	519	524	550	531
0.0041	438	464	468	447	430	439	475	423	459	450
0.4854	509	569	595	573	583	523	510	517	541	544	533	526	554	558	571	534	537	511	584	540	587	593	594	585	515	560	522	543	516	568	572	546	559	599	556	582	538	561	504	549	525
0.0046	489	481	482	493	443
0.2012	580	521	518	501	590	567	596	589	539	529
